46.486669,12.873849,609.4
46.486711,12.873873,610.0
46.486755,12.8739,610.4
46.486798,12.873929,611.2
46.48684,12.873957,611.4
46.486884,12.873984,611.8
46.486927,12.874009,612.4
46.486972,12.874034,612.6
46.487016,12.874054,613.0
46.487061,12.874073,613.4
46.487107,12.874095,614.0
46.487153,12.874115,614.8
46.487198,12.874134,615.4
46.487244,12.874153,615.6
46.487288,12.87417,616.0
46.487332,12.874188,616.4
46.487377,12.874207,617.0
46.487423,12.874226,617.8
46.487468,12.874245,618.2
46.487514,12.874263,618.8
46.487559,12.874283,619.2
46.487603,12.874302,619.6
46.487647,12.874319,619.8
46.48769,12.874335,620.2
46.487731,12.87435,620.6
46.487772,12.874365,621.0
46.487814,12.874378,621.2
46.487857,12.874395,622.0
46.487901,12.874407,622.8
46.487946,12.874425,623.2
46.487991,12.874445,623.4
46.488036,12.874467,623.8
46.488079,12.874489,624.2
46.488122,12.874511,624.6
46.488163,12.874534,625.0
46.488204,12.874559,625.6
46.488242,12.87459,626.2
46.488278,12.874621,626.8
46.488314,12.874657,627.2
46.488351,12.874696,627.8
46.488387,12.874737,628.2
46.488424,12.874779,628.6
46.488461,12.874823,629.0
46.488499,12.874869,629.4
46.488538,12.874915,629.8
46.488577,12.874959,630.2
46.488615,12.875,630.8
46.488652,12.875042,631.2
46.488688,12.875083,631.6
46.488725,12.87512,632.2
46.488764,12.875154,632.8
46.488805,12.875187,633.4
46.488846,12.875219,633.8
46.488885,12.875248,634.2
46.488924,12.875275,635.0
46.488962,12.8753,635.4
46.489004,12.87532,635.8
46.489046,12.875334,636.0
46.489085,12.875343,636.4
46.489125,12.875353,636.8
46.489167,12.875363,637.2
46.489214,12.875367,637.6
46.489259,12.875369,638.2
46.489304,12.875366,638.6
46.48935,12.875358,639.4
46.489397,12.875344,639.8
46.489445,12.875329,640.4
46.48949,12.875311,641.2
46.489537,12.875289,641.8
46.489583,12.875267,642.0
46.489627,12.875244,642.4
46.489669,12.875222,643.0
46.489711,12.875198,643.6
46.489754,12.875176,644.2
46.489796,12.875157,644.6
46.48984,12.875137,644.8
46.489884,12.875123,645.2
46.489927,12.875112,646.0
46.489971,12.875105,646.6
46.490014,12.875102,647.0
46.490058,12.875103,647.4
46.490102,12.875107,647.8
46.490146,12.875113,648.4
46.490191,12.87512,649.0
46.490236,12.875126,649.2
46.490281,12.875135,649.6
46.490325,12.875147,650.0
46.490368,12.875157,650.4
46.49041,12.875166,651.0
46.490452,12.875178,651.8
46.490494,12.875192,652.4
46.490537,12.875206,653.0
46.490578,12.875216,653.4
46.490617,12.875224,653.8
46.490656,12.875229,654.2
46.490697,12.875236,654.6
46.49074,12.875245,655.0
46.490781,12.875257,655.6
46.490823,12.875273,656.0
46.490862,12.875294,656.6
46.4909,12.875315,657.0
46.490937,12.875342,657.6
46.49098,12.875372,658.2
46.491024,12.875403,658.6
46.491068,12.875435,659.2
46.491112,12.875466,659.8
46.491154,12.8755,660.2
46.491194,12.875538,660.8
46.491233,12.875573,661.2
46.491272,12.875603,661.8
46.491311,12.875631,662.4
46.491351,12.875657,662.6
46.491391,12.87568,662.8
46.49143,12.875701,663.0
46.491468,12.875724,663.4
46.491506,12.875746,664.4
46.491543,12.875767,664.8
46.49158,12.875785,665.4
46.491617,12.8758,665.8
46.491655,12.875817,666.2
46.491691,12.875835,666.6
46.491729,12.875855,667.0
46.491768,12.875875,667.8
46.491808,12.875894,668.4
46.491848,12.875914,669.0
46.491885,12.875935,669.4
46.491921,12.875956,669.6
46.491955,12.875977,670.2
46.491989,12.876002,670.6
46.492015,12.876038,671.4
46.492019,12.876087,672.0
46.491995,12.876138,672.6
46.491955,12.876188,672.8
46.491907,12.876236,673.2
46.491855,12.876284,673.6
46.491796,12.876337,673.6
46.491734,12.876396,673.6
46.49167,12.876465,673.6
46.491599,12.876528,673.4
46.491525,12.876582,673.4
46.49145,12.876637,673.4
46.49137,12.876695,673.4
46.491288,12.87676,673.2
46.491208,12.876829,673.0
46.491128,12.876904,672.6
46.491046,12.876979,672.2
46.490961,12.877052,671.8
46.490872,12.877119,671.8
46.490778,12.877182,671.6
46.49068,12.877244,671.6
46.490577,12.877294,671.8
46.490468,12.877331,672.0
46.490358,12.877366,672.2
46.49025,12.877405,672.0
46.490145,12.877439,672.2
46.490043,12.877465,672.4
46.48994,12.877477,672.4
46.489834,12.877471,672.4
46.489732,12.877455,672.6
46.489631,12.877443,672.8
46.489531,12.87745,672.8
46.489435,12.877491,673.0
46.489351,12.877569,673.0
46.489284,12.87768,673.2
46.489238,12.877816,673.2
46.489199,12.877961,673.0
46.489161,12.878107,673.2
46.489123,12.878252,673.2
46.489084,12.878394,673.2
46.489046,12.878538,673.2
46.489012,12.878683,673.2
46.488993,12.878835,673.2
46.48899,12.878991,673.2
46.488995,12.879146,673.0
46.489,12.879298,673.2
46.489004,12.879446,673.0
46.489007,12.879585,673.0
46.489007,12.879717,673.6
46.489007,12.879842,674.6
46.489009,12.879954,675.8
46.489011,12.880055,676.6
46.489015,12.880146,678.2
46.489021,12.880232,679.2
46.489023,12.880316,680.0
46.489024,12.880393,680.6
46.489023,12.880467,681.6
46.489021,12.880536,682.4
46.48902,12.880603,683.4
46.489023,12.880669,684.0
46.489027,12.880733,684.6
46.489029,12.880794,685.2
46.48903,12.880856,685.8
46.48903,12.880919,686.8
46.489035,12.880977,687.4
46.489041,12.881033,688.2
46.489046,12.881092,689.0
46.489045,12.881151,689.8
46.489045,12.881207,690.2
46.489046,12.881257,691.0
46.489046,12.881308,691.6
46.489059,12.88136,692.4
46.489072,12.881415,693.0
46.489086,12.881468,693.6
46.489095,12.881519,694.4
46.489106,12.881565,695.0
46.489116,12.881612,695.4
46.489126,12.881657,696.0
46.489136,12.881709,696.6
46.489144,12.881763,696.8
46.489155,12.881822,697.6
46.489164,12.881882,698.0
46.489172,12.88194,698.8
46.489183,12.881994,699.4
46.489191,12.882046,700.0
46.489192,12.882095,700.6
46.489186,12.882148,701.0
46.489179,12.882202,701.4
46.489174,12.882254,701.8
46.489168,12.882306,702.4
46.489165,12.882357,703.2
46.489158,12.882406,703.8
46.489152,12.882459,704.2
46.489145,12.882508,704.6
46.489139,12.882556,705.2
46.489134,12.882598,706.0
46.489129,12.882635,706.4
46.489126,12.882673,706.8
46.489124,12.88272,707.4
46.489123,12.882771,708.2
46.489123,12.88282,708.8
46.489125,12.882869,709.0
46.489129,12.882915,709.2
46.489141,12.882957,709.6
46.489149,12.883004,710.2
46.489159,12.883044,710.6
46.489165,12.883092,711.4
46.48917,12.883137,711.8
46.489181,12.883182,712.4
46.489182,12.883224,712.8
46.489182,12.883271,713.0
46.489183,12.883311,713.6
46.489191,12.883352,714.2
46.489201,12.883396,714.6
46.489214,12.883441,715.2
46.489228,12.883485,715.6
46.489246,12.883531,716.0
46.489266,12.883576,716.4
46.489288,12.88362,717.0
46.489312,12.883663,717.4
46.489334,12.883706,718.0
46.489353,12.883744,718.4
46.489372,12.883773,719.0
46.489391,12.883808,719.4
46.489411,12.883848,719.8
46.489431,12.88389,720.2
46.489451,12.883931,720.6
46.489473,12.883971,721.0
46.4895,12.884005,721.4
46.48953,12.884033,721.8
46.489559,12.884048,722.6
46.489587,12.884058,723.0
46.489618,12.884065,723.6
46.48965,12.884066,724.0
46.489682,12.884065,724.6
46.489715,12.884071,724.8
46.489748,12.884078,725.2
46.489778,12.884083,725.8
46.48981,12.884087,726.4
46.48984,12.884091,727.0
46.48987,12.884097,727.4
46.489897,12.8841,727.8
46.489923,12.884107,728.4
46.489948,12.884125,728.8
46.489973,12.884149,729.2
46.489996,12.884178,729.6
46.490017,12.884212,730.6
46.490037,12.884252,731.2
46.490056,12.884292,731.6
46.490076,12.884329,732.0
46.490095,12.884367,732.4
46.490113,12.884403,733.0
46.490129,12.884444,733.4
46.49014,12.884491,734.0
46.490151,12.884535,734.8
46.490161,12.884583,735.2
46.490168,12.88463,735.6
46.49017,12.884679,736.0
46.490172,12.884728,736.4
46.490177,12.884776,737.0
46.490184,12.884824,737.4
46.490192,12.884873,737.8
46.490198,12.884923,738.4
46.490204,12.884972,739.0
46.490211,12.885019,739.6
46.490216,12.885066,740.2
46.490224,12.88511,740.6
46.490235,12.885152,741.0
46.490251,12.885194,741.4
46.490272,12.88523,741.6
46.490301,12.885257,742.2
46.490333,12.885272,742.6
46.490368,12.885276,743.0
46.490405,12.885277,743.4
46.49044,12.885276,744.0
46.490475,12.885273,744.4
46.490509,12.885269,745.0
46.49054,12.885262,745.4
46.49057,12.885257,746.2
46.4906,12.885251,746.8
46.490629,12.885243,747.2
46.490658,12.885234,747.6
46.490687,12.885226,748.2
46.490717,12.885218,748.6
46.490746,12.885208,749.2
46.490776,12.885199,749.6
46.490806,12.885191,750.4
46.490836,12.885184,750.8
46.490864,12.88518,751.2
46.490891,12.885169,751.6
46.490918,12.885155,752.2
46.490946,12.885141,752.8
46.490973,12.885125,753.4
46.490998,12.885103,753.8
46.49102,12.885074,754.8
46.49104,12.885044,755.2
46.49106,12.88501,755.8
46.491077,12.884974,756.2
46.491096,12.884933,756.8
46.491115,12.884887,757.4
46.49113,12.884845,758.0
46.491144,12.884806,758.4
46.491156,12.88477,759.4
46.491166,12.884733,759.8
46.491176,12.884696,760.2
46.491191,12.884662,760.8
46.491206,12.884622,761.4
46.491223,12.884581,761.8
46.491234,12.884541,762.4
46.491244,12.884501,763.0
46.491256,12.884464,763.6
46.491267,12.884432,764.2
46.491277,12.884398,764.8
46.491292,12.884369,765.2
46.491304,12.884337,765.8
46.491309,12.884296,766.2
46.491316,12.884254,766.8
46.491321,12.884213,767.4
46.491324,12.884167,768.0
46.49132,12.884123,768.8
46.491316,12.88408,769.4
46.491309,12.884036,770.0
46.491302,12.883995,770.6
46.491292,12.883954,771.2
46.491282,12.883915,771.4
46.491275,12.88388,771.8
46.491268,12.883843,772.6
46.491267,12.8838,773.2
46.491263,12.883762,773.6
46.491258,12.883725,774.2
46.491253,12.883692,774.6
46.491248,12.883658,775.0
46.491243,12.883624,775.8
46.491234,12.88359,776.2
46.491227,12.883552,777.0
46.491221,12.883514,777.4
46.491217,12.883478,778.0
46.491213,12.883441,778.4
46.491207,12.883405,779.2
46.491197,12.883366,779.6
46.491182,12.88333,779.8
46.491166,12.883296,780.0
46.49115,12.883262,781.0
46.491133,12.883231,781.6
46.491117,12.883204,782.0
46.4911,12.883177,782.6
46.491083,12.883147,783.2
46.491067,12.883117,783.8
46.491051,12.883086,784.2
46.491032,12.883057,785.0
46.491012,12.883025,785.6
46.490992,12.882994,786.2
46.490973,12.882967,786.6
46.490952,12.882941,787.4
46.490932,12.882916,788.0
46.490909,12.882891,788.6
46.490886,12.882865,789.2
46.490867,12.882836,789.6
46.490851,12.882805,790.4
46.490837,12.882772,791.2
46.490828,12.882734,791.6
46.490826,12.882694,792.4
46.490832,12.882653,793.0
46.490843,12.882615,793.4
46.490856,12.882578,794.2
46.490871,12.882545,794.6
46.490888,12.882513,795.4
46.49091,12.882482,796.0
46.490936,12.882459,796.4
46.490963,12.882446,796.8
46.490988,12.882434,797.2
46.491012,12.882423,797.6
46.491038,12.882415,798.0
46.491065,12.882407,798.6
46.49109,12.882401,799.4
46.491114,12.882396,799.8
46.491137,12.882388,800.4
46.491159,12.882378,800.8
46.491181,12.882369,801.2
46.491204,12.882363,801.8
46.491227,12.882357,802.4
46.49125,12.88235,802.8
46.491274,12.882345,803.6
46.491297,12.882337,804.2
46.491319,12.882331,804.6
46.491344,12.882328,804.8
46.491369,12.882329,805.4
46.491395,12.882331,805.8
46.491417,12.882328,806.2
46.491439,12.882334,806.8
46.491462,12.882346,807.6
46.491479,12.882364,808.0
46.491495,12.882388,808.4
46.491514,12.882416,809.0
46.491529,12.882447,809.6
46.491543,12.882478,810.0
46.49156,12.882505,810.4
46.491578,12.882532,811.0
46.491594,12.882558,811.6
46.491611,12.882583,812.0
46.491633,12.8826,812.6
46.491658,12.882611,813.0
46.491688,12.882619,813.4
46.491713,12.882629,814.0
46.491735,12.882639,814.4
46.491757,12.88265,815.0
46.491779,12.882664,815.6
46.491802,12.882679,816.0
46.491824,12.882699,816.6
46.491847,12.882721,817.0
46.491869,12.882745,817.6
46.49189,12.88277,818.0
46.491911,12.882791,818.4
46.491931,12.882813,819.0
46.491954,12.882835,819.6
46.491976,12.882857,820.0
46.491999,12.882881,820.4
46.492022,12.882903,820.8
46.492047,12.882923,821.4
46.492074,12.882944,821.8
46.492101,12.882965,822.2
46.492126,12.882988,822.8
46.492149,12.883012,823.6
46.492171,12.883036,824.0
46.492194,12.883059,824.6
46.492217,12.883082,825.0
46.492239,12.883103,825.4
46.492262,12.883124,825.8
46.492284,12.883146,826.2
46.492304,12.883167,826.8
46.492325,12.883191,827.6
46.492343,12.883217,828.2
46.492362,12.883245,828.6
46.49238,12.883271,828.8
46.492401,12.883297,829.2
46.492424,12.88332,829.6
46.492446,12.883345,830.2
46.492465,12.883374,830.8
46.492483,12.883402,831.4
46.492499,12.883429,832.0
46.49252,12.883453,832.4
46.492542,12.883479,833.0
46.492566,12.883503,833.6
46.492586,12.88353,834.0
46.492601,12.883562,834.2
46.492619,12.88359,834.8
46.492637,12.883615,835.6
46.492655,12.883638,836.0
46.492677,12.883661,836.4
46.492699,12.883685,837.0
46.492717,12.883714,837.6
46.492735,12.883741,838.2
46.492756,12.883765,838.4
46.492778,12.883791,839.0
46.492796,12.883815,839.4
46.492816,12.883839,840.0
46.492838,12.883864,840.6
46.492858,12.883894,841.0
46.492876,12.883923,841.6
46.492895,12.883951,842.2
46.492913,12.883979,842.6
46.492935,12.884007,843.0
46.492955,12.884038,843.8
46.492971,12.884072,844.2
46.492981,12.884112,844.8
46.492991,12.884146,845.2
46.492997,12.884181,845.6
46.493003,12.884215,846.2
46.493014,12.88425,846.8
46.493027,12.884277,847.2
46.493038,12.884305,847.8
46.493039,12.884338,848.4
46.49303,12.884377,848.8
46.493016,12.884418,849.4
46.493,12.884455,850.0
46.492981,12.884482,850.4
46.492957,12.884505,850.8
46.492929,12.884524,851.4
46.492904,12.884544,852.2
46.492879,12.884562,852.6
46.492857,12.884579,853.2
46.492836,12.884602,853.8
46.492816,12.884627,854.0
46.492795,12.884649,854.4
46.492775,12.884671,854.8
46.492757,12.884694,855.4
46.492739,12.884721,856.0
46.492723,12.884751,856.8
46.492712,12.884786,857.2
46.492703,12.884824,857.8
46.492699,12.884864,858.4
46.492698,12.884903,858.8
46.4927,12.884942,859.2
46.4927,12.884981,859.6
46.492697,12.885021,860.2
46.492696,12.885057,860.8
46.492698,12.885094,861.2
46.492702,12.885131,861.8
46.492703,12.885167,862.2
46.492705,12.885202,862.6
46.492706,12.885233,863.0
46.492706,12.885264,863.6
46.492712,12.885294,864.2
46.492721,12.885329,864.6
46.49273,12.885364,865.0
46.49274,12.885403,865.4
46.492751,12.885441,865.8
46.492761,12.885475,866.4
46.492768,12.885511,867.0
46.492771,12.885546,867.4
46.492769,12.88558,868.0
46.492763,12.885614,868.4
46.492756,12.885651,869.2
46.49275,12.885685,869.8
46.492743,12.885714,870.2
46.492736,12.885744,870.8
46.492726,12.885777,871.2
46.492721,12.885813,871.6
46.492719,12.885852,872.2
46.492717,12.885895,872.8
46.492717,12.885939,873.2
46.492717,12.885979,873.6
46.492718,12.886019,874.0
46.492719,12.886058,874.4
46.49272,12.886101,875.0
46.492723,12.886142,875.6
46.492726,12.886184,876.4
46.492727,12.886227,876.8
46.49273,12.886267,877.2
46.492734,12.886307,877.6
46.49274,12.886349,878.2
46.492744,12.88639,878.8
46.492747,12.886432,879.0
46.492752,12.886471,879.6
46.492758,12.88651,880.0
46.492762,12.88655,880.6
46.492764,12.88659,881.0
46.492768,12.886632,881.6
46.492772,12.886677,882.2
46.492775,12.886722,882.4
46.492777,12.886766,882.8
46.492781,12.886815,883.4
46.49279,12.886866,883.8
46.492798,12.886916,884.4
46.492807,12.886968,884.6
46.492828,12.887013,885.2
46.492856,12.887041,885.6
46.492883,12.887044,885.8
46.492908,12.887013,886.2
46.492923,12.886964,886.6
46.492928,12.886908,887.2
46.49293,12.886854,887.6
46.492927,12.8868,888.0
46.492927,12.886745,888.2
46.49293,12.886693,888.8
46.492935,12.886648,889.2
46.492947,12.886604,889.6
46.492961,12.886561,890.2
46.492978,12.886526,891.0
46.492999,12.886498,891.6
46.493021,12.88647,892.4
46.493043,12.886442,893.0
46.493063,12.886416,893.4
46.493083,12.886394,894.0
46.493103,12.886373,894.6
46.493124,12.886351,895.0
46.493146,12.886328,895.6
46.49317,12.886306,896.4
46.493193,12.886285,897.2
46.493215,12.886262,897.8
46.493237,12.886239,898.2
46.493259,12.886217,898.6
46.493281,12.886196,899.0
46.493304,12.886177,899.6
46.493322,12.886153,900.2
46.493341,12.886132,901.2
46.493364,12.886115,901.8
46.493385,12.886095,902.4
46.493404,12.886071,902.8
46.493425,12.886053,903.2
46.493443,12.886032,903.8
46.493462,12.886011,904.2
46.493484,12.885988,904.8
46.493501,12.885953,905.2
46.493517,12.885916,905.8
46.493534,12.885887,906.4
46.493552,12.885849,907.0
46.493567,12.885813,907.4
46.493581,12.885773,908.0
46.493593,12.885734,908.6
46.493606,12.885694,909.0
46.493619,12.885656,909.8
46.493638,12.885627,910.2
46.493661,12.8856,910.4
46.493689,12.885582,910.6
46.493717,12.885579,911.0
46.493742,12.885596,911.4
46.493751,12.885626,911.8
46.493747,12.885663,912.4
46.493737,12.885704,913.2
46.493726,12.885748,913.6
46.493717,12.885794,914.2
46.493708,12.885837,914.6
46.4937,12.885873,914.8
46.493692,12.885903,915.2
46.493688,12.885933,915.8
46.493685,12.885967,916.2
46.493679,12.885999,916.8
46.493677,12.886029,917.2
46.493678,12.88606,917.8
46.493679,12.886097,918.4
46.49368,12.886125,919.0
46.49368,12.886146,919.4
46.493679,12.886177,920.0
46.493677,12.88621,920.6
46.493675,12.886255,921.4
46.493674,12.886298,921.8
46.493673,12.886338,922.4
46.493672,12.886376,922.8
46.493672,12.886413,923.4
46.493671,12.886452,923.8
46.49367,12.886491,924.2
46.493669,12.886528,924.8
46.493667,12.88656,925.6
46.493664,12.886593,926.0
46.493661,12.886629,926.6
46.493657,12.886665,927.2
46.493654,12.886704,927.6
46.493657,12.88674,928.0
46.493657,12.886775,928.6
46.493654,12.886808,929.2
46.49365,12.886841,929.6
46.493644,12.886874,930.2
46.493639,12.886908,930.6
46.493632,12.88694,931.0
46.493621,12.886971,931.6
46.493614,12.887009,932.0
46.493605,12.887051,932.6
46.493595,12.887101,933.4
46.493591,12.887151,934.2
46.493583,12.887199,934.4
46.493575,12.887242,934.8
46.493567,12.887286,935.4
46.493562,12.887329,935.8
46.493561,12.887373,936.2
46.493565,12.887415,936.8
46.493574,12.887455,937.2
46.493588,12.887488,937.8
46.493612,12.887511,938.2
46.493643,12.88752,938.6
46.493676,12.887516,939.0
46.493707,12.887496,939.6
46.493734,12.887465,940.0
46.493754,12.887423,940.6
46.493768,12.887377,941.0
46.493782,12.887333,941.8
46.493798,12.887292,942.2
46.493812,12.887247,942.6
46.493824,12.887201,943.2
46.493837,12.887157,943.8
46.493852,12.887117,944.4
46.493868,12.887076,944.8
46.493883,12.887041,945.2
46.493895,12.887001,946.0
46.493909,12.886958,946.4
46.493929,12.886923,946.6
46.493949,12.886887,947.2
46.49397,12.886857,947.8
46.493993,12.886829,948.4
46.494013,12.8868,949.0
46.494033,12.886771,949.8
46.494056,12.886741,950.4
46.494082,12.886711,951.0
46.494105,12.886686,951.6
46.494128,12.88666,952.0
46.494151,12.886631,952.4
46.494175,12.886603,953.0
46.494204,12.886578,953.6
46.49423,12.886549,954.2
46.494252,12.88652,955.0
46.494272,12.886487,955.4
46.494294,12.886458,955.8
46.494316,12.886431,956.2
46.494339,12.886403,957.0
46.494363,12.886379,957.4
46.494389,12.886358,957.6
46.494413,12.88634,958.2
46.494435,12.886323,959.0
46.494457,12.886312,959.6
46.494483,12.886311,960.2
46.49451,12.886311,960.6
46.494539,12.886317,961.2
46.494565,12.88632,961.8
46.49459,12.886326,962.2
46.494615,12.886333,962.6
46.494638,12.886332,963.2
46.494661,12.886337,963.8
46.494686,12.886344,964.4
46.494708,12.886349,964.8
46.49473,12.886357,965.2
46.494754,12.886363,965.6
46.494778,12.88637,966.4
46.494803,12.886381,966.8
46.494829,12.886396,967.2
46.494854,12.886409,967.6
46.494876,12.886417,968.2
46.494903,12.886427,968.6
46.494931,12.886439,969.0
46.494951,12.88645,969.4
46.494969,12.886459,969.8
46.494987,12.886465,970.4
46.495005,12.886476,971.2
46.495031,12.886489,971.6
46.495061,12.886504,972.2
46.495097,12.886517,972.6
46.49513,12.886529,973.2
46.495162,12.886541,973.6
46.495194,12.886554,974.2
46.495224,12.886577,974.6
46.495252,12.886602,975.0
46.49528,12.886631,975.8
46.495306,12.886666,976.2
46.495323,12.886707,976.6
46.495331,12.886749,977.0
46.495327,12.886794,977.6
46.495316,12.886832,978.0
46.4953,12.886861,978.6
46.495281,12.886886,979.0
46.495262,12.886909,979.4
46.495242,12.886929,979.8
46.495219,12.886952,980.2
46.495196,12.886974,980.8
46.495172,12.886997,981.4
46.495146,12.88702,981.8
46.495123,12.887042,982.4
46.495102,12.88706,983.2
46.495078,12.887072,983.6
46.495057,12.887087,984.0
46.495033,12.887103,984.6
46.495009,12.887119,985.4
46.494986,12.887132,986.0
46.494962,12.887142,986.6
46.494939,12.887155,987.0
46.494914,12.887167,987.6
46.494889,12.887177,988.0
46.494862,12.887193,988.4
46.494836,12.88721,989.0
46.494812,12.887227,989.6
46.494786,12.887245,990.0
46.494761,12.887267,990.4
46.494739,12.887295,991.0
46.494723,12.887336,991.6
46.494711,12.88738,992.0
46.494707,12.887422,992.4
46.494708,12.887463,992.8
46.494712,12.887503,993.4
46.494718,12.887532,994.0
46.494728,12.887556,994.4
46.494739,12.887588,994.8
46.494751,12.887622,995.4
46.494765,12.887654,996.0
46.494779,12.887687,996.4
46.494789,12.887719,996.8
46.494794,12.887744,997.4
46.494807,12.88777,997.8
46.494823,12.887799,998.4
46.494836,12.887828,998.8
46.494846,12.887866,999.4
46.494853,12.887904,1000.0
46.494859,12.887939,1000.6
46.494868,12.887974,1001.2
46.494875,12.888016,1001.6
46.49488,12.888064,1002.2
46.494888,12.88811,1002.6
46.494895,12.888154,1003.0
46.494904,12.888196,1004.0
46.494911,12.888233,1004.6
46.494917,12.888272,1005.2
46.494931,12.888305,1005.6
46.49494,12.888343,1006.0
46.494947,12.888383,1006.4
46.494965,12.888413,1007.0
46.494971,12.888451,1007.4
46.49498,12.888491,1008.0
46.494996,12.888524,1008.4
46.495007,12.888558,1009.0
46.495024,12.888589,1009.6
46.495036,12.888615,1010.0
46.495036,12.888653,1010.4
46.49503,12.888701,1011.0
46.495026,12.888754,1011.4
46.495028,12.888806,1012.2
46.495024,12.888853,1012.8
46.495017,12.888897,1013.6
46.495012,12.888938,1014.0
46.495012,12.88898,1014.6
46.495008,12.889023,1015.0
46.495004,12.889062,1015.4
46.494998,12.889103,1015.8
46.494991,12.889148,1016.4
46.494983,12.889192,1017.0
46.494977,12.889238,1017.4
46.49497,12.889285,1017.8
46.494961,12.889331,1018.4
46.494953,12.889376,1018.6
46.494947,12.889423,1019.2
46.494939,12.88947,1019.6
46.494933,12.889515,1020.2
46.494925,12.889562,1020.6
46.494918,12.889609,1021.2
46.494911,12.889655,1021.6
46.494908,12.889699,1022.2
46.494904,12.889744,1022.6
46.494898,12.889784,1023.0
46.49489,12.88982,1023.8
46.494883,12.889851,1024.4
46.494879,12.889875,1025.0
46.49487,12.889906,1025.4
46.494859,12.889944,1025.6
46.494848,12.889983,1026.2
46.494837,12.890026,1026.8
46.494834,12.890062,1027.2
46.494834,12.890091,1027.6
46.494825,12.890122,1028.0
46.494814,12.890157,1028.4
46.494802,12.890191,1029.0
46.494786,12.890222,1029.4
46.494769,12.890258,1030.0
46.494757,12.890293,1030.6
46.494744,12.89033,1031.2
46.494729,12.890365,1031.6
46.494717,12.890397,1032.4
46.494706,12.89043,1032.8
46.494691,12.890462,1033.4
46.494675,12.890487,1033.8
46.494661,12.890514,1034.4
46.494649,12.890549,1035.0
46.494637,12.890587,1035.2
46.494621,12.890621,1035.6
46.494605,12.890652,1036.2
46.49459,12.890688,1036.8
46.49458,12.890724,1037.4
46.49457,12.890754,1037.6
46.494557,12.890788,1038.2
46.494546,12.890826,1038.6
46.494533,12.890859,1039.0
46.49452,12.890897,1039.6
46.494508,12.890938,1040.4
46.494493,12.890968,1040.8
46.494475,12.890997,1041.0
46.49446,12.891025,1041.6
46.494451,12.891056,1041.8
46.49444,12.891083,1042.2
46.49443,12.891112,1042.8
46.494419,12.891147,1043.4
46.494408,12.891182,1044.0
46.494398,12.891218,1044.4
46.49439,12.891259,1045.0
46.494386,12.891307,1045.4
46.494384,12.891353,1045.8
46.494388,12.891405,1046.2
46.494402,12.891445,1046.6
46.494423,12.89147,1047.0
46.49445,12.891484,1047.6
46.494481,12.891483,1048.4
46.494512,12.891473,1049.2
46.494545,12.891461,1049.8
46.494576,12.891452,1050.4
46.494608,12.891442,1050.8
46.494638,12.891432,1051.4
46.494666,12.891417,1051.8
46.494697,12.891403,1052.4
46.494727,12.89139,1053.0
46.494752,12.891378,1053.4
46.494777,12.891364,1053.8
46.494803,12.89135,1054.4
46.494829,12.891341,1054.8
46.494855,12.891332,1055.0
46.494882,12.891321,1055.8
46.494908,12.891309,1056.2
46.494936,12.891299,1056.8
46.494964,12.891287,1057.2
46.494991,12.891277,1057.8
46.495019,12.89127,1058.2
46.495046,12.891257,1058.4
46.495074,12.891242,1058.6
46.495103,12.89123,1059.2
46.495129,12.891215,1060.0
46.495155,12.891198,1060.6
46.495179,12.89118,1061.2
46.495203,12.891162,1061.4
46.495227,12.89114,1061.6
46.49525,12.891118,1062.0
46.495272,12.891097,1062.4
46.495297,12.891085,1062.8
46.495325,12.891087,1063.4
46.495349,12.891101,1063.8
46.495371,12.891129,1064.2
46.495381,12.891159,1064.6
46.495378,12.891195,1065.2
46.495369,12.891231,1065.8
46.495361,12.891263,1066.4
46.495348,12.891297,1067.0
46.495337,12.891333,1067.8
46.495325,12.891372,1068.2
46.495312,12.891411,1068.6
46.4953,12.891448,1069.2
46.495292,12.891482,1069.6
46.495283,12.891519,1070.0
46.49527,12.89155,1070.4
46.495257,12.891583,1071.0
46.495247,12.891612,1071.6
46.49524,12.891649,1072.2
46.495233,12.891682,1072.8
46.495221,12.891718,1073.4
46.495205,12.891751,1073.8
46.495191,12.891785,1074.4
46.495178,12.891818,1074.8
46.495164,12.891849,1075.4
46.495151,12.891882,1075.8
46.495138,12.891916,1076.2
46.495125,12.891954,1076.8
46.495112,12.891996,1077.0
46.495097,12.892028,1077.4
46.495084,12.892058,1078.0
46.495072,12.892086,1078.6
46.495062,12.892112,1079.2
46.495053,12.892146,1079.6
46.495041,12.892176,1080.2
46.495033,12.892205,1080.6
46.495021,12.89223,1081.2
46.495005,12.892249,1081.6
46.494988,12.892265,1082.2
46.494969,12.892284,1082.6
46.494945,12.892313,1083.2
46.494928,12.89234,1083.8
46.494917,12.892377,1084.4
46.494902,12.892415,1085.0
46.494887,12.892454,1085.6
46.494874,12.892489,1086.0
46.494862,12.892528,1086.4
46.494851,12.892566,1086.8
46.494839,12.892596,1087.2
46.494828,12.892633,1088.0
46.494817,12.89267,1088.6
46.494802,12.892708,1089.0
46.494788,12.892742,1089.4
46.494776,12.892779,1090.0
46.494762,12.892821,1090.4
46.494746,12.892861,1090.8
46.494731,12.892899,1091.4
46.494713,12.89293,1092.2
46.494696,12.892966,1092.6
46.494682,12.892999,1093.0
46.494666,12.89303,1093.6
46.494651,12.893059,1094.0
46.494638,12.893091,1094.4
46.494627,12.893122,1095.0
46.49462,12.893153,1095.4
46.494609,12.893178,1096.0
46.494597,12.893211,1096.6
46.494588,12.89324,1097.0
46.494582,12.893273,1097.4
46.494572,12.893312,1097.8
46.494562,12.89335,1098.4
46.494548,12.893391,1098.8
46.494534,12.893434,1099.4
46.494519,12.893471,1099.8
46.494504,12.893512,1100.4
46.494492,12.893547,1101.0
46.494483,12.893596,1101.4
46.494475,12.893645,1101.8
46.494463,12.893688,1102.4
46.494455,12.893747,1102.8
46.494445,12.893799,1103.2
46.494437,12.893849,1103.8
46.494427,12.89389,1104.4
46.494413,12.893926,1105.0
46.494399,12.893962,1105.4
46.494385,12.893998,1105.8
46.49437,12.894037,1106.0
46.494359,12.894076,1106.6
46.494349,12.894112,1107.0
46.49434,12.894153,1107.8
46.494338,12.894189,1108.4
46.494344,12.89423,1108.8
46.494361,12.89427,1109.4
46.494382,12.894303,1109.8
46.494412,12.894322,1110.2
46.494447,12.894319,1110.4
46.494481,12.894291,1110.6
46.494515,12.894257,1111.2
46.494549,12.894226,1112.0
46.494583,12.89419,1112.6
46.494616,12.894154,1113.0
46.494649,12.894122,1113.6
46.494682,12.894095,1114.0
46.494714,12.894076,1114.6
46.494746,12.894063,1115.0
46.494775,12.894053,1115.6
46.494803,12.894047,1116.0
46.494831,12.89404,1116.4
46.494855,12.894033,1116.8
46.494875,12.894025,1117.4
46.494897,12.894014,1117.8
46.49492,12.894002,1118.4
46.494943,12.893988,1119.0
46.494967,12.893977,1119.8
46.494991,12.893967,1120.2
46.495017,12.893956,1120.4
46.495043,12.893943,1121.0
46.495072,12.89393,1121.6
46.495104,12.893915,1122.0
46.495131,12.893899,1122.6
46.495158,12.893885,1123.4
46.495183,12.893871,1124.0
46.49521,12.893856,1124.6
46.495236,12.893841,1125.0
46.49526,12.89382,1125.4
46.495282,12.893799,1125.8
46.495304,12.893777,1126.4
46.495329,12.89376,1127.0
46.495357,12.893743,1127.6
46.495381,12.893722,1128.2
46.495408,12.893704,1128.6
46.495437,12.89369,1129.0
46.495465,12.893667,1129.4
46.495492,12.893644,1130.0
46.495514,12.893618,1130.4
46.495536,12.893592,1131.0
46.495561,12.893569,1131.4
46.495584,12.893545,1132.0
46.49561,12.893521,1132.4
46.495637,12.8935,1132.8
46.495662,12.893477,1133.2
46.495687,12.893455,1133.6
46.49571,12.893431,1134.0
46.495733,12.893405,1134.6
46.495756,12.89338,1135.2
46.495779,12.893357,1136.0
46.495802,12.893336,1136.4
46.495826,12.89332,1136.8
46.495852,12.893307,1137.4
46.49588,12.893296,1137.8
46.495907,12.893281,1138.4
46.495929,12.893262,1139.0
46.495951,12.893231,1139.4
46.495975,12.893205,1139.8
46.496,12.89319,1140.2
46.496026,12.893171,1140.8
46.496053,12.893144,1141.2
46.496081,12.893119,1141.6
46.496106,12.893103,1142.0
46.49613,12.893081,1142.8
46.496153,12.893045,1143.2
46.496176,12.893014,1143.8
46.4962,12.892997,1144.2
46.496224,12.89298,1144.8
46.496247,12.892957,1145.4
46.496267,12.892923,1145.8
46.496288,12.892892,1146.2
46.496307,12.892867,1146.6
46.496327,12.892832,1147.2
46.49635,12.892801,1147.6
46.496374,12.892768,1148.0
46.496395,12.892738,1148.4
46.496421,12.892704,1148.8
46.496443,12.892671,1149.4
46.496465,12.892636,1149.8
46.496488,12.892599,1150.2
46.49651,12.892569,1151.0
46.496533,12.892539,1151.6
46.496561,12.892513,1152.0
46.496592,12.892496,1152.4
46.496622,12.8925,1152.8
46.496644,12.892522,1153.2
46.496655,12.892563,1153.4
46.496652,12.892615,1153.8
46.496637,12.892664,1154.2
46.496616,12.89271,1154.6
46.496589,12.892756,1155.0
46.496562,12.892808,1155.4
46.496535,12.892858,1155.8
46.49651,12.892902,1156.0
46.496482,12.892942,1156.4
46.496457,12.892973,1156.6
46.496439,12.893008,1157.0
46.496422,12.893045,1157.6
46.496406,12.893079,1158.0
46.496392,12.893114,1158.6
46.496381,12.893144,1159.4
46.496371,12.893185,1160.0
46.496362,12.893219,1160.6
46.496352,12.893251,1161.0
46.496344,12.893285,1161.4
46.496332,12.893315,1162.2
46.496319,12.893344,1162.6
46.496306,12.893379,1163.0
46.49629,12.893413,1163.6
46.496279,12.893446,1164.0
46.496273,12.893479,1164.6
46.496267,12.893516,1165.2
46.496265,12.893556,1165.8
46.496256,12.893589,1166.4
46.496252,12.893627,1167.0
46.496251,12.893671,1167.4
46.496249,12.893718,1167.6
46.496252,12.893764,1168.0
46.496253,12.893811,1168.6
46.496254,12.893856,1169.2
46.496258,12.893898,1169.6
46.49626,12.893955,1170.0
46.496261,12.894007,1170.4
46.496267,12.894046,1170.8
46.496273,12.894083,1171.4
46.496273,12.894127,1172.2
46.496268,12.894173,1172.6
46.49627,12.894214,1173.0
46.496269,12.894257,1173.4
46.496267,12.894297,1173.8
46.496267,12.894339,1174.4
46.496265,12.894378,1175.0
46.496263,12.894417,1175.4
46.49626,12.894457,1175.8
46.496257,12.894497,1176.2
46.496255,12.894535,1176.8
46.496251,12.894574,1177.2
46.496247,12.894612,1177.8
46.496241,12.894646,1178.2
46.496237,12.89468,1178.6
46.496231,12.894715,1179.0
46.496224,12.89475,1179.6
46.496219,12.894787,1180.0
46.496211,12.894821,1180.6
46.496203,12.894853,1181.2
46.496196,12.894888,1181.8
46.496186,12.894923,1182.4
46.496182,12.894958,1182.6
46.496178,12.894991,1183.0
46.496172,12.895021,1183.2
46.496164,12.895049,1183.8
46.496156,12.89508,1184.2
46.496147,12.895112,1184.6
46.496136,12.895148,1185.4
46.496125,12.895173,1185.8
46.496114,12.895198,1186.2
46.496103,12.895224,1186.8
46.496096,12.895252,1187.2
46.496091,12.895288,1187.8
46.496085,12.895328,1188.4
46.496076,12.895368,1188.8
46.496067,12.895405,1189.6
46.496054,12.895437,1190.0
46.496039,12.89547,1190.6
46.496025,12.895504,1191.0
46.496012,12.895535,1191.4
46.495996,12.895557,1191.6
46.495982,12.895579,1192.2
46.495971,12.895602,1192.6
46.495961,12.89563,1193.4
46.495951,12.895659,1194.0
46.49594,12.895693,1194.4
46.495933,12.895724,1194.8
46.495925,12.895756,1195.2
46.495912,12.895792,1195.6
46.495902,12.895828,1196.2
46.49589,12.895864,1196.8
46.495876,12.895901,1197.4
46.495863,12.895941,1197.8
46.495852,12.895983,1198.4
46.49584,12.896023,1198.8
46.495828,12.896062,1199.4
46.495816,12.896098,1199.6
46.495804,12.896135,1200.2
46.495795,12.896177,1200.8
46.495784,12.896221,1201.2
46.495774,12.896273,1201.8
46.495768,12.896324,1202.2
46.495762,12.896372,1202.6
46.495755,12.896409,1203.2
46.495749,12.896451,1203.8
46.49575,12.896497,1204.2
46.495749,12.896539,1204.8
46.495747,12.896579,1205.2
46.495746,12.896623,1205.6
46.495742,12.896667,1206.2
46.495743,12.89671,1206.6
46.495746,12.89675,1207.0
46.495752,12.896792,1207.2
46.495754,12.896835,1207.8
46.495754,12.896877,1208.4
46.495756,12.896919,1209.4
46.495761,12.896966,1209.8
46.495765,12.897011,1210.2
46.495767,12.897054,1210.6
46.495768,12.897096,1211.0
46.495771,12.897136,1211.6
46.495772,12.897176,1212.0
46.495774,12.897217,1212.8
46.495778,12.897259,1213.4
46.495783,12.897299,1213.8
46.49579,12.897341,1214.6
46.495793,12.897382,1215.0
46.495801,12.897424,1215.6
46.495807,12.897466,1216.0
46.495809,12.897509,1216.4
46.495814,12.897549,1216.8
46.49582,12.89759,1217.6
46.495828,12.897632,1218.2
46.495836,12.897673,1218.6
46.495852,12.897706,1219.0
46.495867,12.897715,1219.2
46.495885,12.897704,1219.6
46.495905,12.897683,1220.2
46.495915,12.897645,1220.6
46.495926,12.897598,1221.2
46.495936,12.897549,1221.8
46.495948,12.897503,1222.2
46.495958,12.897458,1222.6
46.495971,12.897414,1223.0
46.495985,12.897371,1223.2
46.496,12.897335,1223.8
46.496017,12.897305,1224.4
46.496034,12.897273,1225.2
46.496049,12.897237,1225.8
46.496063,12.897201,1226.4
46.496082,12.897173,1227.0
46.496101,12.897143,1227.4
46.496116,12.897107,1228.0
46.49613,12.897059,1228.4
46.496146,12.897024,1229.0
46.496158,12.896986,1229.8
46.496169,12.896944,1230.2
46.496181,12.896904,1230.8
46.496194,12.896863,1231.2
46.496209,12.896819,1231.8
46.496224,12.896778,1232.4
46.496239,12.896733,1233.0
46.496253,12.896687,1233.6
46.496267,12.896642,1234.2
46.49628,12.896602,1234.6
46.496295,12.896562,1235.4
46.496313,12.896521,1235.8
46.496333,12.896484,1236.2
46.496357,12.896446,1236.4
46.496385,12.896414,1236.8
46.496413,12.89638,1237.2
46.496441,12.896349,1237.8
46.496474,12.896327,1238.2
46.49651,12.896319,1238.6
46.496545,12.896329,1238.8
46.496572,12.896362,1239.2
46.496589,12.896408,1239.6
46.4966,12.896458,1240.0
46.496604,12.896514,1240.6
46.496607,12.89657,1241.2
46.496604,12.896629,1241.6
46.496598,12.89669,1242.2
46.496589,12.896749,1242.8
46.49658,12.896809,1243.2
46.496574,12.896861,1243.6
46.49658,12.896909,1244.0
46.496599,12.896952,1244.2
46.496627,12.896981,1245.0
46.496658,12.896995,1245.4
46.496692,12.89699,1246.0
46.496724,12.89697,1246.4
46.496755,12.896945,1247.0
46.496781,12.896917,1247.4
46.496806,12.896883,1247.8
46.496831,12.896852,1248.6
46.496856,12.896827,1249.4
46.496879,12.896805,1250.0
46.496903,12.896784,1250.4
46.496927,12.896762,1250.8
46.496951,12.896742,1251.4
46.496977,12.896725,1251.8
46.497001,12.896708,1252.4
46.497027,12.896695,1253.0
46.497052,12.896685,1253.6
46.497079,12.896677,1254.0
46.497108,12.896676,1254.2
46.497133,12.896673,1254.6
46.497159,12.896674,1255.2
46.497187,12.896677,1255.8
46.497214,12.89668,1256.4
46.497242,12.896687,1256.8
46.497269,12.896694,1257.6
46.497299,12.896701,1258.0
46.497329,12.896705,1258.4
46.497361,12.896709,1258.6
46.497393,12.896716,1259.2
46.497421,12.896725,1259.6
46.497449,12.896732,1260.0
46.497474,12.896733,1260.6
46.497496,12.896729,1261.2
46.497516,12.896725,1261.8
46.497527,12.896715,1262.2
46.497541,12.896721,1262.8
46.497568,12.896725,1263.4
46.49759,12.896719,1263.8
46.49762,12.896696,1264.2
46.497672,12.896697,1264.8
46.497706,12.896681,1265.6
46.497744,12.896666,1266.0
46.497767,12.896637,1266.4
46.497793,12.89661,1266.8
46.497828,12.8966,1267.2
46.497853,12.896576,1267.6
46.49787,12.896526,1268.0
46.497896,12.896502,1268.8
46.497924,12.896481,1269.6
46.497952,12.896458,1269.6
46.497976,12.896435,1270.2
46.497997,12.89641,1270.6
46.498013,12.896356,1271.0
46.498029,12.896297,1271.6
46.498048,12.896253,1272.2
46.498068,12.89622,1272.6
46.498091,12.896187,1273.2
46.498117,12.896157,1273.8
46.498143,12.896128,1274.2
46.498167,12.896102,1274.8
46.498196,12.896085,1275.4
46.498227,12.896084,1275.8
46.498258,12.896103,1276.0
46.498281,12.89614,1276.2
46.498288,12.896184,1276.6
46.498284,12.896229,1277.0
46.498272,12.89627,1277.4
46.498258,12.896304,1277.8
46.498245,12.896336,1278.4
46.498229,12.896365,1278.6
46.498213,12.89639,1279.4
46.498199,12.896416,1280.0
46.498189,12.896442,1280.8
46.498174,12.896473,1281.2
46.498163,12.896509,1281.6
46.498154,12.896547,1282.2
46.498143,12.896585,1282.8
46.498137,12.896621,1283.4
46.498131,12.896657,1284.2
46.498124,12.896692,1284.8
46.498116,12.896727,1285.2
46.498108,12.896759,1285.8
46.498105,12.896796,1286.4
46.498104,12.896835,1286.8
46.498101,12.896873,1287.4
46.498095,12.896911,1287.8
46.49809,12.896949,1288.2
46.498086,12.896986,1288.8
46.498083,12.897026,1289.6
46.498082,12.897066,1290.0
46.498083,12.897104,1290.4
46.498085,12.89714,1291.0
46.498086,12.897178,1291.4
46.498085,12.897218,1291.8
46.498081,12.897259,1292.4
46.49808,12.897299,1292.8
46.498082,12.897338,1293.4
46.49808,12.897376,1293.8
46.498073,12.897414,1294.2
46.498073,12.897456,1294.6
46.498074,12.897496,1295.0
46.498072,12.897535,1295.6
46.498071,12.897576,1296.2
46.498073,12.897618,1296.6
46.498078,12.897657,1297.4
46.498083,12.897697,1297.6
46.498086,12.897736,1298.0
46.498087,12.897776,1298.6
46.498083,12.897816,1299.2
46.498085,12.897855,1299.8
46.498092,12.897895,1300.2
46.498093,12.897934,1300.6
46.498091,12.897968,1301.2
46.498087,12.897998,1301.6
46.498086,12.89803,1302.2
46.498081,12.898062,1302.8
46.49808,12.898091,1303.2
46.498074,12.898122,1303.4
46.498067,12.898147,1303.8
46.498067,12.898184,1304.6
46.498069,12.89823,1305.0
46.498064,12.89827,1305.4
46.498059,12.898309,1306.0
46.498055,12.898346,1306.4
46.498053,12.898384,1307.0
46.498056,12.898428,1307.4
46.498056,12.898473,1307.8
46.498055,12.898518,1308.2
46.498051,12.898563,1309.0
46.498047,12.898612,1309.8
46.498048,12.898657,1310.2
46.498049,12.8987,1310.6
46.498047,12.898743,1311.2
46.498047,12.898788,1311.8
46.498049,12.898833,1312.2
46.498054,12.898877,1312.6
46.498058,12.898918,1313.0
46.498062,12.898958,1313.6
46.498065,12.898999,1314.0
46.498068,12.899042,1314.4
46.498071,12.899086,1315.0
46.498075,12.899128,1315.4
46.498077,12.89917,1316.0
46.498082,12.899208,1316.4
46.498087,12.899246,1317.2
46.498094,12.899284,1317.6
46.498104,12.899325,1317.8
46.49811,12.899363,1318.4
46.498105,12.899404,1318.8
46.498103,12.899444,1319.4
46.49811,12.899483,1320.0
46.498119,12.89952,1320.6
46.498123,12.89956,1321.2
46.498128,12.899605,1321.6
46.498135,12.899646,1322.0
46.498137,12.899685,1322.4
46.498141,12.899724,1323.0
46.498147,12.899761,1323.6
46.498152,12.8998,1324.0
46.498165,12.899837,1324.4
46.498171,12.899875,1325.2
46.498175,12.899912,1325.8
46.498182,12.89995,1326.2
46.498191,12.899988,1326.8
46.498195,12.900029,1327.2
46.498201,12.900068,1327.6
46.498209,12.900105,1328.0
46.498216,12.900143,1328.6
46.498229,12.900178,1329.0
46.49824,12.900212,1329.6
46.498247,12.900249,1330.0
46.498258,12.900282,1330.4
46.498265,12.900314,1330.6
46.498269,12.900341,1331.2
46.498272,12.900373,1331.8
46.498282,12.9004,1332.4
46.498288,12.90043,1333.0
46.498291,12.900464,1333.8
46.498302,12.900501,1334.2
46.49831,12.90054,1334.4
46.498311,12.900585,1335.0
46.498309,12.900625,1335.6
46.498317,12.900665,1336.2
46.498326,12.900702,1336.8
46.498336,12.900736,1337.2
46.498353,12.900772,1337.6
46.498372,12.900807,1338.0
46.498386,12.900832,1338.6
46.498405,12.900869,1339.2
46.49842,12.900905,1339.8
46.498433,12.900937,1340.0
46.498443,12.900965,1340.6
46.498451,12.900996,1341.2
46.498454,12.901023,1341.4
46.498467,12.901057,1341.8
46.498472,12.901087,1342.2
46.498484,12.901128,1342.8
46.498488,12.901169,1343.4
46.498508,12.901218,1344.2
46.498515,12.901262,1345.0
46.498522,12.901308,1345.8
46.498535,12.901352,1346.0
46.498549,12.901393,1346.4
46.498558,12.901421,1347.0
46.498564,12.901463,1347.4
46.498573,12.901506,1347.6
46.498575,12.901539,1348.0
46.498578,12.901568,1348.2
46.498582,12.901596,1348.8
46.498585,12.901629,1349.4
46.498577,12.901661,1349.8
46.498568,12.901693,1350.4
46.49857,12.901747,1350.8
46.498571,12.901802,1351.2
46.49857,12.901853,1351.6
46.498565,12.901889,1352.0
46.498557,12.901929,1352.6
46.498552,12.901975,1353.2
46.498547,12.902026,1353.6
46.49854,12.902068,1354.0
46.49853,12.902102,1354.8
46.498525,12.902142,1355.2
46.498525,12.902187,1355.8
46.49852,12.902233,1356.2
46.498515,12.902274,1356.8
46.498514,12.902316,1357.4
46.498517,12.90236,1357.8
46.498517,12.902402,1358.4
46.498518,12.902447,1358.8
46.498524,12.902491,1359.4
46.49853,12.902533,1359.8
46.498538,12.902579,1360.2
46.498543,12.902624,1360.8
46.498545,12.902673,1361.2
46.498551,12.902723,1361.6
46.498558,12.902773,1362.2
46.498557,12.902823,1362.8
46.49856,12.902872,1363.4
46.498564,12.902916,1363.8
46.498571,12.90296,1364.2
46.498578,12.903005,1364.8
46.498591,12.903046,1365.4
46.498594,12.903086,1366.0
46.498607,12.903122,1366.2
46.498611,12.903171,1366.8
46.498615,12.903221,1367.2
46.498624,12.903268,1367.8
46.498633,12.903311,1368.2
46.498647,12.903358,1368.8
46.498655,12.903403,1369.4
46.498661,12.903448,1370.0
46.498667,12.903491,1370.4
46.498676,12.903532,1370.8
46.498684,12.903573,1371.2
46.498693,12.903615,1371.8
46.498706,12.903659,1372.0
46.498711,12.903705,1372.6
46.498721,12.903749,1373.0
46.498733,12.903792,1373.4
46.498746,12.903835,1374.0
46.498754,12.903879,1374.4
46.498762,12.903923,1374.8
46.498775,12.903966,1375.0
46.498789,12.904008,1375.6
46.498802,12.904052,1376.2
46.498814,12.904098,1376.6
46.498824,12.904143,1377.0
46.498834,12.904182,1377.4
46.498844,12.904222,1377.8
46.498851,12.904265,1378.4
46.498861,12.904308,1378.8
46.498878,12.90435,1379.4
46.498897,12.904388,1380.0
46.49892,12.904423,1380.4
46.498943,12.904455,1380.8
46.498963,12.904483,1381.2
46.498983,12.904509,1381.8
46.499007,12.904532,1382.2
46.499032,12.904565,1382.8
46.499056,12.904604,1383.0
46.499077,12.904642,1383.6
46.499096,12.904678,1384.2
46.499114,12.904717,1384.8
46.499129,12.904754,1385.4
46.499143,12.904791,1385.8
46.499156,12.904825,1386.2
46.499167,12.904861,1386.8
46.499176,12.904899,1387.4
46.499184,12.904937,1388.0
46.499188,12.904976,1388.4
46.499197,12.905014,1389.0
46.499204,12.905053,1389.4
46.499208,12.905095,1389.8
46.49921,12.905136,1390.0
46.49921,12.905174,1390.4
46.499213,12.905213,1390.8
46.499218,12.905249,1391.4
46.499221,12.905284,1391.8
46.499226,12.905322,1392.4
46.499234,12.905358,1393.0
46.49924,12.905393,1393.4
46.499243,12.905428,1393.8
46.499245,12.905463,1394.2
46.499252,12.905498,1394.8
46.499255,12.905535,1395.6
46.499258,12.905571,1395.8
46.499263,12.905606,1396.2
46.499264,12.905638,1396.6
46.49927,12.905673,1397.2
46.499276,12.905708,1397.8
46.499284,12.905741,1398.2
46.499288,12.905775,1398.6
46.499289,12.90581,1399.2
46.499288,12.905845,1399.8
46.499289,12.905884,1400.2
46.499294,12.905922,1400.6
46.499306,12.905963,1401.0
46.499311,12.906005,1401.6
46.499308,12.906047,1402.0
46.499307,12.906086,1402.4
46.499319,12.906126,1403.2
46.499331,12.90617,1403.6
46.499341,12.90621,1404.2
46.499348,12.906249,1404.8
46.499357,12.906289,1405.4
46.499366,12.906331,1405.8
46.499375,12.906376,1406.2
46.499383,12.90642,1406.6
46.499389,12.906459,1407.0
46.499399,12.906498,1407.4
46.499414,12.906532,1408.0
46.499442,12.906562,1408.2
46.499482,12.906585,1408.6
46.499529,12.906599,1408.8
46.499573,12.906592,1409.2
46.499613,12.906572,1409.4
46.499644,12.906537,1410.0
46.499667,12.906487,1410.6
46.499686,12.906423,1410.8
46.499704,12.906358,1411.0
46.499716,12.906292,1411.4
46.499731,12.906225,1411.6
46.49975,12.906155,1412.0
46.499764,12.90608,1412.2
46.499779,12.906001,1412.6
46.499795,12.905919,1412.8
46.499811,12.905837,1413.0
46.499826,12.905754,1413.2
46.499842,12.905674,1413.6
46.499873,12.905603,1414.0
46.499917,12.905543,1414.4
46.499967,12.905497,1414.6
46.500018,12.9055,1414.8
46.500059,12.905541,1414.8
46.50008,12.905603,1415.0
46.500093,12.905674,1415.4
46.500098,12.905741,1416.0
46.500099,12.905801,1416.4
46.500099,12.905854,1416.8
46.5001,12.905901,1417.6
46.500102,12.905951,1418.2
46.500104,12.906003,1418.8
46.500106,12.906053,1419.6
46.500111,12.906098,1420.2
46.500118,12.90614,1420.8
46.500128,12.906189,1421.4
46.500135,12.906244,1422.0
46.500146,12.906296,1422.4
46.500152,12.906347,1423.0
46.500156,12.906398,1423.6
46.500164,12.906451,1424.0
46.500171,12.906507,1424.4
46.500182,12.906563,1425.0
46.500195,12.906616,1425.6
46.500202,12.906668,1425.8
46.50021,12.906716,1426.4
46.50022,12.906764,1427.4
46.50023,12.906814,1428.0
46.500235,12.906862,1428.4
46.500241,12.906913,1428.8
46.500243,12.906961,1429.2
46.500247,12.907013,1429.8
46.500248,12.907063,1430.4
46.500242,12.907111,1431.0
46.500236,12.907159,1431.4
46.500228,12.907204,1432.0
46.50022,12.907248,1432.2
46.500211,12.907291,1432.6
46.500203,12.907332,1433.2
46.500195,12.907375,1433.6
46.500188,12.907412,1434.0
46.500185,12.907445,1434.6
46.500187,12.907474,1435.4
46.500189,12.907507,1435.8
46.500189,12.907541,1436.2
46.500186,12.907575,1437.0
46.500187,12.90761,1437.4
46.500193,12.907644,1438.0
46.500203,12.907672,1438.4
46.500208,12.907708,1439.0
46.500215,12.907747,1439.8
46.500226,12.907785,1440.2
46.500234,12.907828,1440.8
46.500238,12.907875,1441.2
46.500243,12.907922,1441.6
46.50025,12.907966,1442.2
46.500256,12.90801,1442.6
46.500261,12.908051,1443.0
46.500266,12.908091,1443.4
46.500272,12.908133,1444.0
46.500282,12.908174,1444.4
46.50029,12.908216,1444.8
46.500294,12.908258,1445.2
46.500299,12.9083,1445.6
46.500306,12.908344,1446.0
46.500309,12.908386,1446.4
46.500314,12.908428,1447.0
46.500318,12.908466,1447.6
46.500321,12.908504,1448.2
46.500322,12.908539,1448.6
46.500323,12.908564,1449.0
46.500324,12.908587,1449.6
46.500321,12.908616,1450.0
46.500315,12.908645,1450.4
46.500315,12.908667,1451.2
46.500321,12.908695,1451.4
46.500328,12.908727,1452.0
46.500334,12.90876,1452.4
46.50034,12.908794,1453.0
46.500353,12.908824,1453.4
46.500362,12.908861,1453.8
46.500371,12.908903,1454.4
46.500378,12.908939,1455.0
46.50039,12.908975,1455.6
46.5004,12.909017,1456.0
46.500411,12.909059,1456.6
46.500412,12.909114,1457.2
46.500418,12.909166,1457.6
46.500426,12.90922,1458.0
46.500433,12.909276,1458.2
46.500434,12.909327,1458.8
46.500433,12.909377,1459.4
46.500432,12.909425,1459.8
46.50043,12.909471,1460.4
46.500432,12.909513,1460.8
46.500432,12.909555,1461.2
46.500431,12.909599,1461.6
46.500432,12.909642,1462.2
46.500429,12.909684,1462.6
46.500428,12.909724,1463.0
46.500426,12.909766,1463.6
46.500427,12.909805,1464.0
46.500428,12.909841,1464.4
46.500431,12.909879,1464.8
46.500434,12.90992,1465.2
46.500434,12.909959,1465.8
46.500433,12.909998,1466.6
46.500433,12.910039,1467.0
46.500437,12.910077,1467.4
46.50044,12.910112,1468.2
46.500445,12.910146,1468.8
46.500447,12.910188,1469.2
46.500446,12.91023,1469.4
46.500444,12.910273,1469.8
46.500444,12.910313,1470.4
46.500443,12.910353,1471.2
46.500446,12.910392,1471.8
46.500451,12.91043,1472.0
46.500456,12.910467,1472.6
46.500463,12.910506,1473.2
46.50047,12.910544,1473.6
46.500479,12.910582,1474.0
46.500486,12.910618,1474.6
46.50049,12.910657,1475.2
46.500492,12.910698,1475.8
46.500495,12.910742,1476.4
46.500499,12.910786,1476.8
46.5005,12.910831,1477.2
46.500499,12.910874,1477.6
46.500494,12.910916,1478.0
46.500489,12.910958,1478.8
46.50048,12.910998,1479.2
46.500471,12.911038,1479.8
46.500462,12.911079,1480.2
46.500454,12.911118,1480.8
46.500447,12.911152,1481.2
46.500437,12.911185,1481.8
46.500424,12.911222,1482.2
46.500408,12.911259,1482.6
46.500389,12.911297,1483.0
46.500371,12.911332,1483.6
46.500353,12.911364,1484.2
46.500336,12.911402,1484.6
46.500311,12.911449,1485.0
46.500289,12.911488,1485.6
46.50027,12.911526,1486.0
46.500263,12.911573,1486.4
46.500268,12.911621,1486.8
46.500284,12.911658,1487.0
46.500308,12.911678,1487.4
46.500337,12.911675,1487.8
46.500362,12.911656,1488.2
46.500386,12.91163,1488.6
46.500408,12.9116,1489.2
46.500432,12.911571,1489.6
46.500457,12.911545,1490.2
46.500482,12.911517,1491.0
46.500507,12.911489,1492.0
46.500533,12.911464,1492.4
46.500561,12.911437,1492.6
46.500587,12.911405,1493.0
46.500613,12.911378,1493.4
46.500637,12.911356,1493.6
46.500664,12.911334,1494.0
46.500692,12.911315,1494.4
46.500718,12.911297,1495.0
46.500743,12.911277,1495.4
46.500765,12.91125,1496.0
46.500784,12.911217,1496.4
46.500802,12.911187,1497.0
46.500822,12.911157,1497.8
46.500844,12.91113,1498.4
46.500864,12.911101,1498.8
46.500884,12.911069,1499.2
46.500908,12.911042,1499.8
46.500927,12.911014,1500.2
46.500946,12.910986,1500.8
46.500964,12.910953,1501.2
46.500983,12.91092,1501.8
46.501,12.910887,1502.4
46.501017,12.910851,1502.8
46.501035,12.910818,1503.2
46.501051,12.910789,1503.8
46.501067,12.910764,1504.4
46.501085,12.91074,1504.6
46.501101,12.910715,1505.0
46.501115,12.910687,1505.8
46.501132,12.910656,1506.2
46.501148,12.910622,1506.8
46.501168,12.910592,1507.0
46.501186,12.910558,1507.6
46.501203,12.910521,1508.0
46.501219,12.910478,1508.6
46.501232,12.910434,1509.2
46.501246,12.910386,1509.8
46.501264,12.910342,1510.2
46.501286,12.910308,1510.4
46.501307,12.910271,1510.8
46.501331,12.91025,1511.2
46.501357,12.910246,1511.4
46.501383,12.91025,1511.8
46.501404,12.910279,1512.0
46.50141,12.910322,1512.6
46.501406,12.910369,1513.4
46.501399,12.910421,1514.0
46.50139,12.910474,1514.4
46.50138,12.910524,1514.6
46.501367,12.910572,1515.2
46.501353,12.91062,1515.6
46.501341,12.910673,1516.0
46.501326,12.910727,1516.4
46.50131,12.910776,1517.0
46.501296,12.910827,1517.4
46.501281,12.910871,1517.8
46.501265,12.910913,1518.2
46.501254,12.910955,1518.6
46.501248,12.910994,1519.0
46.501242,12.911029,1519.4
46.50124,12.911063,1520.2
46.501236,12.911099,1520.8
46.501237,12.911138,1521.2
46.50124,12.911179,1521.8
46.501241,12.911221,1522.2
46.50124,12.911266,1522.8
46.501241,12.911309,1523.6
46.501242,12.911356,1524.0
46.50124,12.911404,1524.6
46.501237,12.911448,1525.0
46.501235,12.911495,1525.4
46.501232,12.911541,1525.8
46.501229,12.911587,1526.4
46.501228,12.911632,1526.8
46.501228,12.911678,1527.2
46.501226,12.911724,1527.6
46.501224,12.911767,1528.4
46.501225,12.911809,1529.0
46.501226,12.911852,1529.6
46.501226,12.911893,1530.2
46.501223,12.911927,1530.6
46.501221,12.91196,1531.0
46.501219,12.911995,1531.4
46.501218,12.912028,1532.0
46.50122,12.912062,1532.6
46.50122,12.912098,1533.0
46.501218,12.912136,1533.6
46.501217,12.912177,1534.0
46.501214,12.912216,1534.6
46.501212,12.912258,1535.2
46.501212,12.912303,1535.8
46.501211,12.912347,1536.2
46.501209,12.912392,1536.8
46.501209,12.912435,1537.2
46.501206,12.912476,1537.8
46.501201,12.912517,1538.0
46.501202,12.912555,1538.4
46.501204,12.912597,1538.8
46.501204,12.912642,1539.0
46.501198,12.912689,1539.6
46.50119,12.912733,1540.4
46.501185,12.912779,1540.6
46.501186,12.912827,1541.0
46.501188,12.91288,1541.4
46.501188,12.912933,1541.8
46.501184,12.912983,1542.4
46.501181,12.913032,1542.6
46.50118,12.913082,1543.0
46.501178,12.91313,1543.8
46.501175,12.91318,1544.2
46.501172,12.91323,1544.4
46.501167,12.913282,1545.0
46.501159,12.913333,1545.4
46.501147,12.913387,1545.8
46.501132,12.913439,1546.4
46.501112,12.913488,1547.0
46.501086,12.913536,1547.6
46.501056,12.913577,1548.0
46.501017,12.913605,1548.4
46.500974,12.913622,1548.8
46.500933,12.913628,1549.0
46.500889,12.913627,1549.2
46.50084,12.913623,1549.4
46.500793,12.913615,1549.6
46.500748,12.913603,1550.0
46.500707,12.91359,1550.6
46.500668,12.913589,1551.2
46.500625,12.913608,1551.6
46.500582,12.913634,1552.0
46.500535,12.913672,1552.4
46.50049,12.91372,1552.8
46.500451,12.913771,1553.4
46.50041,12.913819,1553.8
46.500372,12.913867,1554.6
46.500338,12.913921,1555.0
46.500309,12.913987,1555.4
46.500289,12.914053,1555.8
46.500267,12.914117,1556.2
46.500246,12.914188,1556.8
46.500223,12.914258,1557.2
46.5002,12.914327,1557.6
46.50018,12.914401,1558.0
46.500157,12.914476,1558.2
46.500128,12.914546,1558.4
46.500096,12.914614,1558.8
46.500065,12.914681,1559.2
46.500037,12.914753,1559.4
46.500008,12.914828,1559.6
46.499978,12.914903,1560.0
46.499945,12.914971,1560.4
46.499918,12.915039,1560.6
46.499901,12.91511,1561.0
46.499886,12.91518,1561.4
46.499875,12.915256,1561.8
46.499871,12.915332,1562.4
46.499857,12.915399,1563.0
46.499845,12.915468,1563.8
46.499841,12.915533,1564.2
46.499833,12.915597,1564.8
46.499825,12.915663,1565.2
46.499817,12.915728,1565.4
46.499808,12.915787,1566.0
46.499798,12.915844,1566.6
46.499787,12.915907,1567.4
46.499777,12.91597,1568.0
46.499767,12.916034,1568.6
46.499754,12.91609,1569.2
46.499745,12.91615,1569.4
46.499739,12.916212,1570.0
46.499736,12.916276,1570.4
46.499734,12.916337,1570.8
46.499728,12.916399,1571.4
46.499723,12.916461,1572.0
46.499717,12.916524,1572.6
46.499702,12.916581,1573.0
46.499687,12.916638,1573.4
46.499666,12.916696,1573.8
46.499648,12.916758,1574.4
46.499629,12.916818,1574.6
46.499611,12.916883,1575.0
46.499598,12.916954,1575.6
46.499585,12.917025,1576.0
46.499571,12.917105,1576.2
46.499562,12.917185,1576.6
46.499551,12.917261,1577.0
46.499539,12.917334,1577.4
46.499526,12.917402,1577.8
46.499514,12.917466,1578.2
46.499498,12.917528,1578.8
46.499476,12.91759,1579.0
46.49945,12.917657,1579.2
46.499426,12.917728,1579.4
46.499397,12.917805,1579.6
46.499364,12.917883,1579.8
46.49933,12.917958,1580.2
46.499294,12.918027,1580.8
46.499261,12.918097,1581.4
46.499227,12.918168,1581.6
46.499196,12.918241,1582.0
46.499167,12.918317,1582.2
46.49914,12.91839,1582.6
46.499114,12.918466,1583.0
46.499087,12.918547,1583.4
46.499061,12.918634,1583.6
46.499033,12.918723,1584.0
46.499005,12.918813,1584.2
46.498973,12.918901,1584.8
46.498938,12.918986,1585.4
46.498903,12.919072,1585.8
46.498868,12.919158,1586.0
46.49883,12.919241,1586.2
46.498792,12.919324,1586.4
46.498753,12.919408,1586.8
46.498726,12.919506,1587.0
46.498702,12.919609,1587.0
46.498679,12.919716,1587.0
46.498654,12.919826,1587.2
46.498628,12.919941,1587.2
46.498604,12.92006,1587.2
46.498574,12.920178,1587.2
46.498548,12.920297,1587.2
46.498517,12.920419,1587.2
46.498484,12.920543,1587.2
46.498449,12.920668,1587.2
46.498424,12.92079,1587.4
46.498414,12.920918,1587.4
46.498421,12.921049,1587.6
46.498439,12.921181,1587.8
46.498461,12.921311,1587.8
46.498489,12.921436,1588.2
46.498519,12.921552,1588.6
46.498547,12.921666,1589.0
46.498573,12.921769,1589.4
46.498596,12.921861,1589.8
46.498612,12.921943,1590.0
46.498618,12.922017,1590.8
46.498622,12.922083,1592.0
46.498623,12.922141,1592.8
46.498623,12.922194,1593.6
46.498621,12.922241,1594.2
46.498616,12.922283,1595.2
46.498613,12.922326,1595.8
46.498612,12.922369,1596.4
46.498613,12.92241,1596.8
46.498612,12.922452,1597.4
46.498608,12.922493,1598.0
46.498603,12.922533,1598.6
46.498598,12.922575,1599.2
46.498598,12.922615,1599.8
46.498595,12.92265,1600.2
46.498584,12.922691,1600.8
46.498573,12.922739,1601.4
46.498563,12.922787,1602.0
46.498551,12.92283,1602.6
46.498539,12.92287,1603.2
46.498526,12.92291,1603.8
46.498513,12.92295,1604.2
46.498499,12.922988,1604.6
46.498487,12.923025,1605.2
46.498472,12.923061,1605.8
46.498457,12.923098,1606.6
46.498444,12.923135,1607.0
46.49843,12.923173,1607.6
46.498417,12.923211,1608.0
46.498403,12.92325,1608.6
46.49839,12.923292,1609.0
46.498379,12.923339,1609.2
46.498367,12.923388,1609.6
46.498357,12.923437,1610.4
46.498346,12.923492,1610.8
46.498334,12.92355,1611.0
46.498324,12.923608,1611.4
46.498315,12.92367,1612.0
46.498308,12.923735,1612.4
46.498299,12.923804,1612.6
46.498283,12.923881,1612.8
46.498271,12.923958,1613.2
46.498265,12.924034,1613.4
46.498262,12.924114,1613.6
46.498267,12.924195,1614.0
46.498278,12.924267,1614.4
46.498296,12.924331,1614.8
46.498321,12.924393,1615.0
46.498349,12.92445,1615.0
46.498375,12.924509,1615.6
46.498401,12.924568,1615.8
46.498428,12.924628,1616.2
46.498455,12.924687,1616.4
46.498482,12.924747,1617.6
46.498509,12.924807,1618.4
46.498536,12.924868,1618.8
46.498563,12.924929,1619.2
46.498591,12.924991,1620.0
46.498619,12.925055,1620.2
46.498647,12.925093,1620.4
46.498675,12.92513,1620.4
46.498703,12.925168,1620.8
46.49873,12.925206,1621.4
46.498758,12.925243,1621.8
46.498786,12.925281,1622.2
46.498814,12.925319,1622.4
46.498842,12.925357,1623.0
46.49887,12.925394,1623.4
46.498897,12.925432,1623.8
46.498925,12.92547,1624.4
46.498953,12.925507,1624.6
46.498981,12.925545,1624.8
46.499343,12.926036,1625.2
46.499341,12.925981,1625.6
46.499366,12.925994,1626.0
46.499419,12.926018,1626.4
46.499472,12.926039,1627.2
46.499526,12.926062,1627.8
46.499579,12.926085,1628.2
46.499632,12.926107,1628.8
46.499685,12.92613,1629.2
46.499738,12.92615,1630.0
46.499797,12.926156,1630.4
46.499858,12.926156,1630.8
46.499969,12.926124,1631.2
46.499879,12.926123,1631.2
46.499892,12.926091,1631.6
46.499976,12.926012,1632.0
46.500075,12.925974,1632.4
46.500157,12.925942,1632.6
46.500214,12.925912,1632.8
46.50028,12.925882,1633.0
46.500331,12.925845,1633.2
46.50038,12.9258,1633.6
46.500434,12.925751,1634.0
46.500488,12.925704,1635.0
46.500537,12.925664,1635.8
46.500584,12.925628,1636.4
46.500633,12.925592,1636.6
46.500681,12.925555,1636.8
46.500729,12.925519,1636.8
46.500776,12.925483,1637.2
46.500824,12.925447,1637.8
46.500872,12.925412,1638.4
46.50092,12.925377,1639.0
46.500967,12.925341,1639.4
46.501015,12.925304,1640.2
46.501041,12.925266,1640.6
46.501068,12.925229,1641.2
46.501094,12.925191,1641.8
46.50112,12.925153,1642.6
46.501146,12.925115,1643.0
46.501173,12.925078,1643.4
46.501199,12.92504,1644.2
46.501225,12.925002,1644.8
46.501482,12.924684,1644.8
46.501528,12.924668,1645.0
46.501592,12.924767,1645.0
46.501612,12.924748,1645.2
46.501641,12.924675,1645.4
46.501671,12.924611,1645.6
46.501701,12.924553,1646.0
46.501729,12.924489,1646.6
46.501756,12.924421,1646.8
46.501778,12.924356,1647.2
46.501803,12.924301,1647.6
46.501824,12.924243,1648.0
46.501845,12.92419,1648.4
46.501867,12.924138,1648.8
46.501894,12.924102,1649.4
46.501916,12.92409,1649.8
46.501938,12.924108,1650.2
46.501955,12.924137,1651.0
46.501961,12.924175,1651.8
46.501961,12.924213,1652.4
46.501955,12.924255,1652.6
46.50195,12.924298,1653.0
46.501942,12.924343,1653.6
46.501933,12.924395,1654.2
46.501928,12.924442,1654.6
46.501923,12.924486,1655.2
46.501919,12.924534,1655.8
46.501917,12.924583,1656.6
46.50191,12.924628,1657.0
46.501905,12.924672,1657.4
46.501899,12.924716,1658.2
46.501894,12.924759,1658.6
46.50189,12.924799,1659.2
46.501884,12.924838,1659.6
46.501877,12.924876,1660.0
46.501872,12.924916,1660.6
46.501868,12.92496,1661.0
46.501867,12.925007,1661.6
46.501876,12.925044,1662.4
46.501894,12.925067,1663.2
46.50192,12.925068,1663.6
46.501945,12.925052,1664.0
46.501969,12.925026,1664.4
46.501992,12.924994,1664.6
46.502011,12.924958,1665.2
46.502029,12.924919,1665.6
46.502046,12.924879,1666.2
46.50206,12.924838,1666.6
46.502074,12.924797,1667.2
46.502089,12.924756,1667.8
46.502103,12.924712,1668.2
46.502119,12.924672,1668.6
46.502134,12.92463,1669.0
46.502148,12.924583,1669.2
46.502159,12.924538,1670.0
46.502168,12.924494,1670.4
46.502183,12.924455,1671.0
46.502204,12.924427,1671.2
46.502228,12.924413,1671.8
46.502252,12.924419,1672.4
46.502268,12.924437,1673.0
46.502274,12.924459,1673.6
46.502275,12.924486,1674.2
46.502271,12.92452,1674.6
46.502263,12.92456,1674.8
46.502255,12.924601,1675.2
46.502248,12.92464,1675.6
46.502242,12.92468,1676.0
46.502237,12.924722,1676.6
46.502232,12.924764,1677.2
46.502232,12.924807,1677.8
46.502235,12.924851,1678.0
46.502241,12.924896,1678.6
46.502244,12.924948,1679.0
46.502242,12.925,1679.4
46.502242,12.925052,1680.2
46.502245,12.9251,1680.8
46.502247,12.925145,1681.2
46.502245,12.925191,1682.0
46.502244,12.925238,1682.6
46.50224,12.925285,1683.2
46.502232,12.925331,1683.6
46.502226,12.925375,1684.0
46.502218,12.925417,1684.6
46.50221,12.92546,1685.2
46.502202,12.925504,1685.4
46.502195,12.925547,1686.0
46.502185,12.925589,1686.4
46.502173,12.92563,1687.0
46.50216,12.925671,1687.2
46.502147,12.925713,1687.6
46.502134,12.925756,1688.0
46.502123,12.925795,1688.4
46.502112,12.925832,1688.8
46.5021,12.925874,1689.6
46.502088,12.925917,1689.8
46.502076,12.92596,1690.2
46.502063,12.926002,1690.6
46.502044,12.926046,1691.2
46.502017,12.926101,1691.6
46.501989,12.926154,1692.0
46.501958,12.926205,1692.4
46.501923,12.926244,1693.2
46.501888,12.926271,1694.0
46.501852,12.926284,1694.6
46.501808,12.92629,1695.0
46.501767,12.926298,1695.2
46.501727,12.926308,1695.4
46.501687,12.92632,1695.4
46.501647,12.926335,1695.8
46.501604,12.926352,1696.2
46.501568,12.926374,1696.6
46.501539,12.926401,1697.0
46.501519,12.926436,1697.6
46.501519,12.926475,1698.0
46.501533,12.92651,1698.4
46.501553,12.926541,1699.0
46.501577,12.926566,1699.4
46.501603,12.926588,1700.0
46.501635,12.926606,1700.6
46.501668,12.926626,1701.4
46.501702,12.926653,1702.0
46.501734,12.926685,1702.4
46.501764,12.926715,1702.8
46.501785,12.926737,1703.2
46.501797,12.926755,1704.0
46.501807,12.92677,1704.6
46.501816,12.926778,1705.0
46.501826,12.926784,1705.4
46.501836,12.926789,1705.4
46.501847,12.926795,1705.6
46.501953,12.927039,1705.8
46.50194,12.927052,1705.8
46.501931,12.927069,1705.6
46.50192,12.927075,1705.6
46.50191,12.927081,1705.4
46.501898,12.927087,1705.4
46.501885,12.927097,1705.4
46.501872,12.927106,1705.4
46.501864,12.927115,1705.4
46.501856,12.927125,1705.2
46.501852,12.927128,1705.2
46.501848,12.927132,1705.2
46.501743,12.927329,1704.0
46.501745,12.927328,1704.0
